canvas 200 70 360 360
shape R rectangle 1
shape C ellipse 2
shape C1 ellipse 4
shape C2 ellipse 5
shape C3 ellipse 3
motion R 1  200 200 50 100 255 0 0        10  440 70 100 100 255 0 0
motion R 10 440 70 100 100 255 0 0        50  440 250 50 100 255 0 0
motion R 50 440 250 50 100 255 0 0        51  440 370 50 100 255 0 0
motion R 51 440 370 50 100 255 0 0        70  440 370 25 100 255 0 0
motion R 70 440 370 25 100 255 0 0        110 440 370 25 100 255 0 0

motion C 1  200 200 60 100 0 255 0    10  440 70 60 100 0 255  0
motion C 10 440 70  60 100 0 255 0    50  440 250 60 100 0 255  0
motion C 50 440 250 60 100 0 255 0    51  440 370 60 100 0 255  0
motion C 51 440 370 60 100 0 255 0    70  440 370 60 100 0 255  0
motion C 70 440 370 60 100 0 255 0    110 440 370 60 100 0 255  0

motion C1 1  200 100 60 100 0 0 0    10  440 100 60 100 0 0  0
motion C1 10 440 100  60 100 0 0 0    50  440 100 60 100 0 0  0
motion C1 50 440 100 60 100 0 0 0    51  440 100 60 100 0 0  0
motion C1 51 440 100 60 100 0 0 0    70  440 100 60 100 0 0  0
motion C1 70 440 100 60 100 0 0 0    110 440 100 60 100 0 0  0

motion C2 1  200 90 60 100 255 0 0    10  440 90 60 100 255 0  0
motion C2 10 440 90  60 100 255 0 0    50  440 90 60 100 255 0  0
motion C2 50 440 90 60 100 255 0 0    51  440 90 60 100 255 0  0
motion C2 51 440 90 60 100 255 0 0    70  440 90 60 100 255 0  0
motion C2 70 440 90 60 100 255 0 0    110 440 90 60 100 255 0  0

motion C3 1  200 80 60 100 255 0 255 0    10  440 80 60 100 255 0  255 90
motion C3 10 440 80 60 100 255 0 255 90   50  440 80 60 100 255 0  255 0
motion C3 50 440 80 60 100 255 0 255      51  440 80 60 100 255 0  255
motion C3 51 440 80 60 100 255 0 255 0    70  440 80 60 100 255 0  255 -360
motion C3 70 440 80 60 100 255 0 255 -360 110 440 80 60 100 255 0  255 50