canvas 200 70 360 360
shape R rectangle 2
shape C ellipse 1
motion R 1  100 100 50 100 255 0 0    10  440 70 100 100 255 0 0
motion R 10 440 70 100 100 255 0 0    50  440 250 50 100 255 0 0
motion R 50 440 250 50 100 255 0 0    51  440 370 50 100 255 0 0
motion R 51 440 370 50 100 255 0 0    70  440 370 25 100 255 0 0
motion R 70 440 370 25 100 255 0 0    110 440 370 25 100 255 0 0

motion C 1  200 200 60 100 0 255 0    10  440 70 60 100 0 255  0
motion C 10 440 70  60 100 0 255 0    50  440 250 60 100 0 255  0
motion C 50 440 250 60 100 0 255 0    51  440 370 60 100 0 255  0
motion C 51 440 370 60 100 0 255 0    70  440 370 60 100 0 255  0
motion C 70 440 370 60 100 0 255 0    110 440 370 60 100 0 255  0